Best validation MSE: 0.169956
Per-feature MSE:
  EBIT: 0.233864
  NetIncome: 0.377679
  Cash: 0.239617
  Receivables: 0.100633
  Inventories: 0.142013
  OtherCurrentAssets: 0.348583
  PPE: 0.071595
  OtherAssets: 0.108435
  DebtCurrent: 0.178334
  AccountsPayable: 0.087313
  TaxesPayable: 0.132228
  LiabilitiesCurrent: 0.116419
  TotalLiabilities: 0.072715
